10
1000
10007
10010
10012
1003
10031
10033
10047
10050
10052
10053
10054
10061
10064
10069
10079
10091
10096
10099
10110
10116
10117
10118
10123
10125
1013
10137
10140
10164
10175
10190
10191
10201
10208
10212
10215
10218
1022
10229
10245
10255
10258
1026
10267
10272
10276
10278
10301
10305
10306
1031
10310
10321
10322
10325
10329
10332
10335
10337
10339
10346
10351
10353
10356
10360
10363
10365
10373
10378
10385
10395
10403
10409
10413
10416
10419
10421
10423
10426
1044
10446
10449
10454
10460
10466
10474
10480
10483
10492
10496
10505
1051
10510
10524
10531
10532
10535
10540
10542
10543
10545
10548
1055
10552
10559
10561
10567
10570
1058
10581
10587
10588
10589
10599
10602
10611
10616
10619
10621
10626
10629
10634
10644
10652
10653
10658
10660
10661
10670
10672
10673
10677
10679
10680
10681
10694
10701
1071
10710
10711
10715
10716
1072
10723
10725
10727
1073
10735
10741
10743
10754
10757
10758
10778
10779
1078
10781
10783
10786
10798
10810
10818
10819
10830
10834
10842
1085
10858
10859
1086
10868
10870
10874
10876
10886
10890
10906
10911
10915
1092
10921
10925
10933
1094
10940
10941
10945
10947
10952
10960
10961
10970
10972
10973
10977
10978
10989
110
11000
11001
11013
11024
11027
11028
11029
1103
11045
11046
11048
11053
11071
11072
11083
11090
11095
11102
11111
11125
1113
11131
11132
11134
11137
11138
11139
1114
11144
11154
11157
1116
11160
11161
11181
1119
11191
11192
11193
11205
11218
11222
1123
11231
11237
11238
11241
11244
11245
11253
11254
11258
11263
11266
11270
1128
11287
11305
11309
11316
11317
11323
11324
11329
11331
11337
1134
11348
11349
11352
11355
11357
11359
11360
11363
1137
11378
11381
11383
11387
11392
11398
11399
1140
11402
11408
11411
11417
11427
11429
11432
11433
11435
11437
1144
11443
11448
11449
11452
11453
11457
11459
11465
1147
11476
11477
1148
11484
11485
11486
11489
11493
11501
11505
11507
1151
11514
11532
11533
11537
11538
11541
11542
11543
11548
11553
1156
11560
11565
11572
11574
11575
11577
11578
11585
11586
11596
11597
11598
11600
11603
1161
11622
11630
11645
11654
11655
11661
11678
11679
1168
11680
11686
11687
11689
1169
11693
11694
11696
11698
11705
11706
11710
11728
1173
11739
1174
11741
11749
11757
11759
11776
11783
11786
11791
11793
11796
11797
118
11811
11819
11821
11836
11839
11840
11843
11847
1185
11852
11859
11861
11865
11866
1187
11873
11877
11881
11886
11902
11904
11906
11908
11909
11912
11913
11915
11917
11919
11923
11925
11927
11928
11939
11941
11948
11949
11954
11958
1196
11964
11965
11966
1197
11972
11973
11979
11981
11983
11989
12018
12025
12034
12040
12041
12046
12048
1206
12062
12065
12067
12081
12087
12088
12094
12099
12102
12109
1211
12110
12119
12126
12132
12139
12147
12148
12153
12158
12167
12181
12186
12189
12191
12198
122
12200
12202
12204
12225
12231
12238
1224
12247
12248
12262
12272
12273
12278
12281
12287
12288
12291
12300
12306
12314
12323
12326
1234
12344
12347
12350
12351
12361
12364
12368
12381
12390
12394
1240
12411
12418
1242
12421
12424
12425
12436
12440
12444
12447
12456
12463
12471
12474
12480
12483
12484
12486
12489
12491
12493
12494
12498
12505
12509
12511
12512
12517
12522
12530
12532
12545
12548
12554
12562
12563
12572
12579
1258
12580
12581
12590
12591
12605
12611
12613
12623
12631
12635
12638
12639
12643
12653
12654
12656
1266
12664
12665
12680
12683
12685
127
12709
12716
12717
12718
12723
12725
12726
12728
1274
1275
12754
12764
12766
12767
12771
12772
12777
12779
12780
12797
128
12804
12818
12820
12828
12832
12837
12838
12843
12859
12862
12864
12867
12868
12871
12876
12884
12887
12889
12894
12897
1290
12907
12912
12916
12919
1292
12925
12926
12929
1294
12941
12942
12944
12948
12954
12960
12961
12964
12965
12966
1297
12988
12990
12997
13005
13008
1302
13025
13026
13027
13034
13035
13037
1304
13041
13042
13059
1306
13061
13067
13074
13079
13081
13111
13112
13118
13122
13126
13128
13129
13133
13141
13142
13147
13159
13169
13179
13184
13191
13192
13209
1321
13210
13216
13220
13223
13224
13227
13230
13246
13254
13257
13258
13267
13269
13270
13271
13278
13280
13285
13288
13291
13315
13317
13336
1334
13341
13342
13345
13347
13348
1335
13350
13357
13359
1336
13363
13366
13374
13375
13388
13389
13394
1340
13400
13402
13405
13410
13411
13425
13431
13438
13447
13453
13455
13456
13460
1347
13473
13476
13479
13481
13485
1349
13490
13498
13499
135
1350
13503
13508
1351
13511
13513
13514
13528
13531
13536
13542
13564
13569
13579
13584
13588
13589
13593
13594
13600
13601
13603
13628
13631
13642
1366
13665
13674
13678
13679
1368
13681
13685
13701
13702
13714
13717
13718
13724
13725
13735
13741
13744
13748
13750
13754
13757
13758
13765
13769
13771
13772
13773
13777
13782
13785
13790
13791
13794
13801
13802
13804
13806
13813
1382
13831
13834
13836
13841
13847
13848
13849
13855
13859
13864
13874
13875
13879
1388
13883
13884
13886
1389
13891
13896
13902
13908
13913
13916
13926
13932
13934
13935
13938
1394
13942
13945
13948
13955
13957
1397
13974
13975
13976
13977
13978
13979
13982
13986
1400
14001
14002
14007
14016
1402
14023
14031
14035
1404
14045
14048
14050
14054
14056
1406
14060
14073
14075
1408
14080
14086
14093
14098
14106
14109
1411
14110
14116
14122
14124
14132
14134
14135
14136
14137
14138
14146
14148
14150
14152
14157
14161
14168
14175
14177
14180
14181
14182
1419
14193
14194
142
1420
14211
14228
14230
14232
14235
14237
14240
14241
14249
14250
14254
14257
14258
14265
1427
14276
14286
14293
143
14300
14307
14311
14313
14314
14328
14337
14339
14342
14354
14356
14358
14361
14364
1437
14370
14382
14383
14388
14392
14401
14411
14415
1442
14420
14426
14435
14439
1444
14445
14464
14475
14476
14478
14479
14498
14501
14515
14519
14521
14527
14530
14532
14544
14547
14548
1455
14551
14554
14555
14561
14568
1457
14576
14582
14587
14592
14593
14594
14596
14600
14609
14610
14611
14613
14614
14617
14619
14621
14623
1463
14632
14633
14640
14648
14657
14668
14669
14676
1468
14684
14705
14710
14715
14720
14721
14729
1473
14739
1475
14751
14752
14754
14757
14760
14770
14774
14776
14777
14779
14780
14781
14788
14791
14796
14807
14809
1481
14810
14813
14817
14832
14836
14838
14840
14844
14857
14862
14864
14868
1487
14882
14908
14913
14922
14928
14944
14946
14954
14964
14965
14969
14973
14974
14976
14985
14989
1499
14992
14997
1500
15003
15004
15005
15009
15012
15016
15028
15035
15037
15039
15045
15046
15049
15058
15060
15062
15070
15084
15087
15095
15096
15099
15106
15111
15118
15122
15126
15131
15134
15146
15152
15155
15158
1516
15191
15197
15199
15201
15204
15205
15206
15207
15211
15215
15239
15244
15247
15249
15252
15253
15255
15266
15273
15278
15279
15286
15288
15301
15304
15310
1532
15323
15329
15353
15357
15358
1536
15362
15372
15376
15381
15382
15383
15394
15407
1541
15411
15412
15415
15418
15427
15430
15432
15436
15438
15442
1545
15455
15456
15457
15460
15462
15473
15474
15482
15492
15493
15495
15507
15514
1552
15526
15527
15539
15545
15547
15557
15563
15565
15568
15572
15578
15582
15585
15587
15591
15599
15604
15605
15609
15614
15619
1562
15620
15631
15633
15642
15644
15648
1565
15657
15660
15661
15669
1567
15672
15673
15675
15692
15703
1572
15724
15725
1573
15734
15737
15756
15759
15769
15771
15774
15776
15784
15786
15797
15799
15806
15812
15815
1582
15833
15834
15843
15861
15866
15868
15870
15880
15886
159
15900
15910
15919
15929
15932
15934
15940
15960
15961
15962
15964
15968
15971
15979
1598
15980
15985
15987
15989
15998
16008
16012
16021
16025
16038
16039
16042
16059
16078
16080
16083
16084
16085
16087
16089
16094
16097
16107
16114
16115
16127
16128
1613
16136
16148
16155
16158
16160
16167
16169
16173
16181
16184
16192
1620
16207
16213
16225
1623
16238
16240
16242
16245
16247
1625
16270
16272
16274
16276
16285
16286
1629
16290
16292
16308
16310
16324
16327
16329
16337
16343
16348
16349
16353
16357
16359
1636
16365
16370
16374
16377
16378
16386
16391
16392
16399
1640
16404
16405
16431
16439
16443
16449
16460
16467
1647
16477
16479
16494
16498
16499
16504
16508
16509
16517
16523
16529
16532
16537
16538
1654
16540
16544
16547
16557
16563
16570
16579
16581
16584
16589
1659
16591
16595
16599
16602
16607
16611
16612
16628
1663
16638
16641
16646
16650
16663
16666
1668
16681
16692
16693
16711
16712
16713
16719
1672
16723
16727
1673
16747
16748
16757
16760
16762
16766
16768
16770
16783
16788
1679
16792
16793
16794
16798
16806
16813
16818
16824
1683
16835
1684
16846
16847
16851
16852
16853
16855
1686
16860
16864
1687
16870
16871
16879
16882
16887
16891
16896
169
16900
16908
1691
16914
1692
16924
16927
16930
16932
16933
16942
16943
16951
16954
16959
16971
16984
16991
16993
16998
17015
17017
17022
17024
17027
17029
17032
17033
1704
17047
17049
17054
17076
17077
1708
17083
17085
17096
17102
17108
17118
17119
1712
17124
17126
17147
17148
17157
17160
17164
17165
17171
17174
17175
17178
17183
17184
17187
1719
17191
17194
17195
17196
17205
17207
1721
17211
17213
17214
17217
1723
17231
17233
17235
17238
17253
17255
17260
17264
17265
17266
17269
17270
17276
17288
17298
17305
17310
1732
17320
17326
17332
17336
17338
17341
17346
17351
1736
17364
17369
17378
17389
17395
17398
17400
17403
17409
17412
17414
17418
1742
17420
17436
17439
17440
1745
17451
17453
17458
1746
17461
17464
17470
17472
17478
17481
17482
17483
17486
17491
17492
17496
17511
17515
17519
1752
17540
17544
17552
17562
17567
17568
17570
17575
17580
17585
17589
17597
17603
17609
17651
17655
17656
1766
17663
17669
17671
17675
17678
1768
17683
17684
17689
17690
17706
17714
17717
17719
17722
1773
17732
17736
17738
17741
17742
17747
17748
17749
17750
17751
17760
17763
17764
17782
1779
17790
17794
17795
17796
17797
1780
17800
17801
17803
17806
1781
17819
17820
17825
17827
17830
17832
17837
17838
17844
17846
17852
17854
17867
17868
1787
17871
17874
17878
17879
17886
17887
17888
17891
17892
17895
17897
179
17903
17917
17921
17928
17930
17943
17944
1795
17950
17954
17956
17960
17962
17965
17970
17973
17977
17978
17984
17987
17988
17989
17997
18002
18011
18018
1803
18069
1807
18075
18085
18087
18090
18093
18096
18097
18098
18102
18106
18122
1813
18135
18150
18153
18163
18170
18174
18187
18204
18207
18217
18218
1823
18235
1825
18261
18267
18269
18271
18280
18286
18293
18305
18309
18317
18320
18322
18324
18325
18327
18331
18334
18339
18343
18347
18351
18352
18358
18364
18366
18369
1837
18387
18388
18395
184
18402
1841
18412
18413
18420
18427
18432
18433
18438
18440
18449
18450
18453
18457
18464
18466
18471
18475
18481
18492
18496
185
18512
18513
18518
18525
18527
18531
18534
18536
18538
18543
18547
18555
18563
18592
18595
18606
18608
18609
18613
18616
18617
18618
18625
18658
1866
18664
18678
1868
18692
18700
18702
18705
18707
1871
18713
18714
18719
18735
18745
18758
18761
1877
18770
18774
18776
188
18802
18806
18814
18824
18828
18833
18837
18839
1884
18840
18841
18843
18844
1885
18856
18857
18859
1887
18870
18877
18887
18888
18893
18907
18909
18918
1892
1893
18936
18944
18946
18952
18958
18964
18965
1897
18986
18987
1899
18993
18994
190
19007
19010
19012
19016
19024
19030
19038
19046
19051
19052
19070
19074
19076
1908
19089
19091
19093
19095
19098
19107
19111
19113
19117
19120
19121
19126
19134
19136
1914
19143
19145
19147
19148
19157
19159
19165
19172
19175
1918
19183
19188
19191
19198
19205
19206
19207
19209
19210
19212
19213
19217
19219
19224
1923
19232
19233
19235
19237
19247
19248
19253
19255
19261
19263
19289
19292
19301
19302
1931
19318
19325
19327
1933
19330
19331
19333
19334
19335
19344
1936
19365
1937
19371
19375
19386
19388
194
19400
19402
19408
19410
19416
19422
19427
19428
19431
19432
19434
19441
19449
19454
19458
19467
19472
19479
19480
19481
19489
19494
19501
19504
19505
19507
19508
19511
19513
19515
19535
1954
1955
19553
19554
19571
19572
19575
19579
19581
19583
19587
19591
19593
19600
19610
19617
19628
19631
19633
19637
19641
19644
19650
19655
19658
1968
19688
19690
19696
1970
19712
19718
19719
19747
19758
1976
19763
19767
1977
19773
19775
19776
19777
1978
19780
19781
19786
19788
19789
19793
19796
19797
19805
19807
19808
19809
19818
19820
19825
19832
19835
19841
19842
19851
19854
19855
19859
19861
19862
19865
19869
1987
19870
19874
19875
19877
19883
19884
19885
1989
19893
19894
19905
19911
19912
19921
19925
19926
19927
19930
19934
19941
19946
19950
19959
19971
19975
19976
19981
19982
19983
19984
19987
19990
2
20
2000
20002
20009
20019
2002
20024
20029
20041
20042
20048
20052
20056
20060
20070
20074
20082
20083
20084
20086
20087
20088
20093
20094
201
20104
20106
20109
2011
20130
20144
20146
20150
20155
20156
20161
20168
20171
20176
20184
20185
20186
20187
20197
20199
20205
20206
20215
20218
20219
20221
20227
20232
20237
20240
20242
20252
20255
20257
20261
20263
20273
20277
2028
20281
20284
2029
20297
2031
20316
20326
20331
20332
20334
20338
20342
20347
20349
20350
20357
20359
20366
20369
20373
20375
20380
20385
2039
20395
20397
20400
20413
20415
20418
20419
20430
20434
20440
20441
20444
20455
20457
20470
20472
20475
20478
2048
20480
20482
20484
20485
20489
2049
20491
20492
20507
20509
20512
20514
20516
20524
20525
20527
20529
20535
20541
20542
20551
20552
20553
20557
20561
20563
20567
20574
20576
20577
20586
20591
20594
20601
20606
20610
20611
20612
20613
20614
20616
2062
20625
20626
20627
20630
20635
20637
20638
20639
2064
20641
20648
20649
2066
20661
20669
20671
20673
20677
20679
20686
20690
20693
20697
20699
20704
20705
20711
20712
20713
20719
2072
20722
20723
20724
20727
20736
20737
20739
20741
20745
20751
20752
20753
20754
20761
20762
20769
20781
20785
20792
20794
20800
20802
20806
20807
2081
20811
20815
20819
20826
20827
2083
20834
20842
20850
20854
20869
20873
20877
20879
20882
20885
20889
20890
20891
20892
20894
20895
20896
20899
20901
20902
20904
20907
20910
20913
20916
20917
20920
20924
20932
20935
20939
20948
20949
20951
20964
20968
20978
20981
20982
20984
2099
20995
20998
20999
21006
21008
21010
21017
2102
21029
21030
21034
21035
21036
21038
21039
21053
21066
21069
2107
21070
21077
21078
21079
21081
21090
21091
21099
21103
21105
2111
21112
21113
21117
21121
21123
21125
21129
21131
21132
21137
21138
21141
21143
21152
21158
21165
21167
21172
21179
21187
21197
2120
21200
2121
21220
21222
21223
21224
21226
21229
21231
21232
21238
21242
21245
21248
21253
21256
21257
21261
21267
2127
21272
21273
21276
21279
2128
21280
21281
21284
21286
21301
21306
21307
21308
2131
21317
21321
21327
21329
2135
21352
21354
2136
21368
21369
2137
21380
21381
21383
21386
21388
21393
21395
21397
21402
21403
21409
2141
21411
21414
21421
21425
21426
2143
21431
21433
21436
21438
21442
21443
21445
21454
21456
21458
21459
21474
21475
21477
21478
21479
21482
21489
21496
21497
21503
21516
21534
21536
21537
21539
21541
21543
21547
21548
21553
21556
21559
21571
21586
21588
21589
21594
21595
21608
21617
21618
21622
21625
21632
21637
21644
21654
21668
21670
21672
21673
21680
21683
21685
21694
21698
21702
21703
21704
21705
21710
21723
21724
21730
21731
2174
21741
21743
21749
21750
21757
21760
21762
21764
21765
21767
2177
21770
21778
21783
21788
21807
21816
21818
21821
21823
21832
21839
21843
21847
21849
21850
21861
21863
21865
21878
21879
21882
21888
21889
21891
21892
219
2190
21915
21918
21921
21923
21926
21928
21934
21935
2194
21940
21941
21946
21953
21960
21961
21962
21963
21965
21983
21988
21991
22002
22003
22006
22011
22013
22020
22021
22028
22031
22032
2204
22040
22044
22052
22055
22059
22062
22063
22064
22066
22067
2207
22073
22087
22092
22116
22121
22122
22134
22137
22142
22144
22145
22150
22151
22152
22157
22159
22160
22162
22175
22176
22177
22189
22192
22196
22199
22203
22206
22217
22221
22224
22226
22229
22246
22249
2225
22253
22257
22263
22265
22271
22278
22281
22286
22287
22288
22289
22295
22296
22298
223
2230
22300
22303
22309
2231
22312
22319
22320
22322
22325
22333
22336
22347
22349
2235
22350
2236
22360
22361
22362
2237
22373
22380
22382
22387
2239
22393
22394
22395
22422
22424
22427
22429
22430
22439
22446
22449
22451
22458
2246
2247
22473
22479
22481
22482
22488
22496
22498
22500
22505
22506
22509
22515
22524
22528
22529
22531
22534
22538
22545
22550
22559
22562
22563
22565
22566
22569
22572
22573
22576
22587
22589
22596
22602
22604
22607
22611
22615
22616
22624
22632
22633
22638
22643
22646
22650
22651
22654
22657
22683
22684
22688
22695
22701
22703
22712
22715
22717
22718
22729
2273
22751
22760
22768
22772
22773
22776
22777
22782
22787
22788
22792
22801
22802
22809
22816
22817
2282
22824
22826
22828
22833
22844
22845
22850
22851
22879
2288
22881
22889
22897
22905
22906
22907
22915
22919
2292
22921
22926
22933
22938
22940
22942
22949
22951
22953
22957
22961
22972
22973
23
23010
23016
23020
23027
23036
23041
23042
23044
23046
2305
23054
23056
23069
23080
23088
23093
23100
23105
2311
23116
23117
23122
23127
23128
23139
23141
23147
23157
23158
23166
23170
23172
23179
2318
23185
23189
2319
23200
23204
23205
23207
23208
23209
23213
23214
23221
23231
23243
23248
23259
2326
23261
23266
2327
23277
23283
23286
23296
23306
23307
23309
23311
23312
23314
23316
23317
23318
23322
23345
23347
23355
2336
23362
2337
23373
23380
23381
23383
23384
23395
23396
23399
23402
23409
23413
23414
23421
23423
23425
2343
23430
23431
23437
23443
23452
23472
23475
23480
23482
23484
23486
23492
23497
23498
2350
23509
23516
23518
2352
23530
23532
23547
2355
23550
23553
23554
23555
23563
23573
23575
2358
23585
23593
23595
23614
23627
23631
2364
23641
23644
23655
23662
23668
23678
2368
23685
23686
23692
23693
23694
23701
23704
23708
23709
23710
23716
23719
23724
2373
23730
23739
23742
23747
23750
23765
23767
23772
23776
23783
238
2381
2383
2386
2397
2412
2414
2416
2417
2422
2426
2434
2444
2452
2453
246
2479
2482
2483
2484
2487
249
2492
2495
2498
25
2504
2511
2512
2532
2533
2540
2542
2543
2544
2548
255
2556
2563
2568
2574
2575
2578
2580
2586
2597
2601
2621
2626
2639
2643
2645
2653
2659
2663
2666
267
2673
2678
2696
2698
2699
2710
2711
2712
2716
2717
2724
2725
2726
2729
2736
2741
2742
2743
2747
2751
2752
2759
276
2760
2761
2765
2766
2767
277
2780
2786
2787
2789
2790
2797
2802
2805
2815
2824
2829
2832
2841
2843
2844
2847
2848
2852
2853
2864
2873
2874
2878
2881
2883
2885
2888
2894
290
2902
2909
2927
293
2941
2944
296
2979
2981
3000
3003
3006
3008
301
3010
3020
3022
3028
3031
3033
3035
305
3054
3055
3057
306
3072
308
3084
3086
3092
3097
310
3101
3113
3115
3119
3122
3125
313
3132
3137
3142
3148
3164
3169
3170
3174
3179
3181
3182
3185
3186
3195
3203
3204
3206
3210
3214
3232
3236
3238
3243
3245
3249
325
3254
3261
3267
3272
3277
3279
3282
3290
3292
3293
3304
3311
3312
3317
3318
3326
3330
3337
3340
3342
3352
3361
3362
3369
337
3391
34
340
3400
3405
3406
3410
3414
3416
3418
3419
3423
3424
343
3434
3436
3438
3441
3443
3451
3453
3455
3463
3465
3466
3468
3474
3479
348
3483
3485
3488
3493
3496
3497
350
3502
3505
3509
351
3512
352
3521
3527
3531
3533
3535
3540
3550
3551
3553
3559
357
3571
3572
3576
3578
3579
3583
3587
3588
3589
359
3597
3600
3601
3603
3617
3629
3633
3641
3643
3645
3669
3674
3675
3693
3704
3722
3723
3729
3730
3734
3745
3747
3750
3765
3773
3777
378
3781
3786
3788
379
3795
38
3810
3813
3821
3832
3834
3849
3850
3855
3857
3859
3860
3864
3865
3870
3876
3879
3890
3897
39
3903
3909
3913
3915
3919
392
3920
3923
3924
3926
3930
394
3949
3952
3956
3960
3961
3963
3965
3973
3979
3990
3995
3998
3999
400
4003
4005
4010
4012
4016
4022
4024
4025
4029
403
404
4041
4045
4049
4055
4056
4062
4066
407
4072
4073
4084
4087
4088
4093
4103
4120
4127
413
4131
4137
4144
4145
4146
4148
4151
4157
4164
4166
4168
4171
4194
4195
420
4202
4205
4212
4213
4225
4242
425
4253
4259
4261
4273
428
4283
4288
429
4290
4291
4293
4297
4301
4303
4308
4310
4311
4312
4319
432
4329
4332
4333
435
4353
436
4365
4366
4376
4385
4387
439
4392
4393
4394
4395
4403
4417
4418
4420
4422
4423
443
4436
4446
4448
4454
4457
4463
4468
4471
4473
4478
4482
4484
4485
4493
45
4506
4521
4525
4531
4536
4540
4552
4566
4568
4582
4587
459
4592
4598
460
461
4613
4617
4619
462
4637
4641
4647
4663
4668
4673
4676
4691
4696
4699
47
4702
4708
4720
4727
473
4737
4739
4740
4742
4747
4749
475
4750
4752
4772
4775
4794
4801
4807
4809
4812
4815
4824
4830
4833
4845
4848
4849
4852
4855
4856
4864
4868
487
4872
4874
4877
4878
4882
4886
489
4890
4892
4893
4895
490
4904
4906
4907
4909
493
4934
494
4941
4948
495
4951
4952
4954
4958
4966
4967
4974
4979
4981
4989
4997
50
5004
5011
5012
5016
5021
5027
5031
5034
5041
5045
5046
5047
5054
5061
5073
5078
5081
509
5097
5099
510
5106
5110
5114
5115
5121
5122
5124
5131
5132
5134
5136
5137
5141
5158
5163
5165
5176
518
5182
5183
5184
5186
5189
5191
5207
5209
522
5224
5231
5240
5244
5245
5247
5255
5259
5260
5266
5268
5269
5271
5273
5276
5280
5286
5291
5295
5296
5300
5301
5304
5305
5310
5311
5313
5315
5317
5319
5321
5333
5335
5339
5346
5348
5350
5351
5354
5363
5364
5372
5373
5381
5382
5383
5389
5395
54
541
5428
5430
544
5440
5441
5447
5452
5456
5459
5462
5469
5476
5480
5488
5489
5490
5493
5496
55
5500
5514
5518
5521
5527
5529
5531
5534
5537
5542
5552
5564
5578
5586
560
5607
5623
5626
5631
5634
5636
5644
5646
5647
5651
5661
5663
5674
5681
5682
5684
5685
569
5697
5699
57
5700
5709
5710
5712
5713
5728
5729
5737
5740
5741
5743
5745
5752
5754
5763
5764
5765
5769
577
5773
5777
5784
5790
5796
5799
58
5806
5807
5817
5829
5831
5833
5834
5837
5840
5841
5845
5853
5862
5881
5891
5895
5898
5913
5928
5932
5936
5938
5943
5944
5945
5947
5949
5951
5952
5957
596
5963
5965
5968
5977
5980
5981
5985
599
6003
601
6011
6012
6017
6018
6022
6024
6025
6037
6038
606
6061
6066
6068
6100
6102
6104
6108
6130
6134
6158
6159
616
6161
6165
617
6177
6178
6182
6192
6193
6197
6206
6212
6221
6237
6240
6241
6251
6254
626
6262
6264
6265
6268
6273
6276
6278
6281
6285
6290
6298
6305
6306
6308
6309
6312
6322
6339
6343
6344
6347
6348
6351
636
6369
6375
6376
6377
6378
6379
6380
6390
6391
6404
6405
6407
641
6411
6414
6418
642
6422
6427
6431
6439
6440
6442
6448
6451
6454
6455
6456
6458
6462
6482
6483
6485
6486
649
6490
6494
6497
6498
65
6510
6511
6512
6514
6527
6528
6537
6539
6542
6549
655
6551
6558
6564
6572
6575
6592
6596
6601
6605
6607
6612
6613
6616
6624
6626
6639
6643
6653
6660
6665
6668
6669
6670
6675
6679
6682
6683
6686
669
6692
6693
6694
6702
6703
6706
6711
6712
6714
6729
6732
6733
6744
6748
6752
6758
676
6761
6762
6768
677
6772
6776
6780
6781
6786
6791
6794
6795
6796
68
6801
6807
6812
6813
6815
682
6833
6847
6849
6851
6854
6856
6862
6867
6869
687
6873
6875
6878
6888
689
6890
6897
6898
690
6905
6909
691
6911
6913
6914
6915
6917
6938
6943
6949
6950
6951
6956
6959
6960
6965
6969
6972
6975
6978
6987
699
6990
6993
6999
7
7017
7018
7023
7029
7034
7037
7040
705
7050
7058
7060
7076
7078
7080
7081
7082
7083
7086
7090
7091
7097
7099
710
7104
7106
7107
7108
7109
7113
7114
7115
7118
7136
7142
7143
7154
7158
7167
7183
7189
72
7210
7211
7213
7217
722
7221
7228
723
7233
7235
7237
7239
7240
7244
7245
7254
7256
726
7262
7274
7276
7277
7283
7284
729
7290
7294
7296
7298
7303
7307
7311
7329
733
7333
7339
7345
7346
7349
7357
7364
7367
737
7370
7372
7386
7387
7395
7396
74
7404
7422
7425
7426
7427
7429
7437
7441
7443
7446
7447
7456
7459
746
7463
7467
7480
750
7500
7513
753
7532
7535
7537
7539
754
7549
755
7554
7564
7570
7576
7579
7580
7585
7586
7588
7589
759
7599
7607
761
7612
7613
762
7626
7628
7636
7643
7649
765
7663
7664
7669
7670
7679
768
7687
7692
7699
7705
7719
772
7728
7733
7734
7736
7741
7743
7744
7747
7748
7751
7759
7764
7765
7766
7783
7789
7794
7799
7805
7808
7814
7819
7821
7822
7823
7825
7829
7830
7840
7841
7844
7849
7852
7855
7860
7863
7869
787
7874
7875
7885
7886
7896
7902
791
7910
7916
7917
7918
792
7924
7929
7930
7934
7935
794
7941
7943
7949
795
7955
7959
7971
7974
7978
7987
7990
7992
80
801
8016
8033
8035
8038
8039
8044
8060
8067
8070
8073
8078
8099
81
8109
8110
8115
8119
8121
8122
8128
813
8130
814
8151
8159
8161
8162
8166
818
8181
8187
8188
819
8193
8194
8198
8209
8219
8220
8221
8224
823
8232
8233
8236
8241
8250
8251
8258
8270
8273
8275
8285
8286
8288
8296
8298
8299
8311
8339
8346
8349
8360
8361
8362
8366
8370
8387
8389
8392
8394
8398
8399
84
840
8414
8422
8423
8426
8431
8433
8438
8444
8448
8449
8453
8454
846
8467
847
8476
8479
848
8486
8495
8497
8498
8504
8506
8507
8514
8517
8522
8524
8525
8527
8533
8539
8543
8548
8557
856
8564
8567
8578
8582
8587
8588
8593
8597
8598
8605
862
8621
8623
8625
8645
865
8650
8653
8661
867
8674
8678
8679
8694
870
8701
8711
8717
8719
8720
8722
8728
873
8734
8744
8753
8758
8766
8768
8770
8792
8795
8796
8798
8799
8807
8810
8825
8830
8832
8833
8837
8838
8841
8847
8848
8859
8865
8867
8872
8881
8882
8885
8887
889
8903
8918
8920
8923
8928
8941
895
8958
8983
8987
8991
8998
9007
9016
9021
9029
9033
9035
9036
9040
9044
9051
9052
9056
9059
9062
9073
9080
9082
9085
9087
9094
9095
910
9121
9127
9137
914
9141
9146
9148
9151
9153
916
9170
9172
9175
9187
919
9197
920
9209
9216
922
9222
9236
924
9249
9252
9269
9271
9276
9286
929
9295
9299
93
9308
9312
9313
9316
9323
9327
933
9331
9339
934
9346
9347
9349
9353
9358
9365
9381
9389
9398
94
9400
9403
9404
9405
9406
9408
9414
9426
943
9434
9440
9448
9452
9463
9466
9469
9471
9473
9477
948
9480
9492
9495
9496
9497
9499
950
9500
9519
952
9524
9539
9543
9544
955
9550
9553
9559
956
9563
9564
9576
9583
9589
9591
9598
96
961
9610
9617
9618
9621
9624
9629
9634
964
9642
9643
9647
9649
9652
9657
9659
9660
9665
9672
9673
9678
9683
9685
9686
9692
9704
9709
971
9713
9714
9716
9724
9726
9727
974
9741
9742
975
9753
9754
976
9764
9768
9769
9771
9774
9782
9785
9788
9805
9807
9820
9821
9829
9836
9837
9842
9846
9857
9858
986
9862
9872
9873
9883
9884
9885
9888
9892
9902
9911
9913
9921
9934
9939
9943
9946
9951
9957
996
9967
9971
9972
9974
9977
9985
999
9991
